54 0011100 0011101.

100 Ρ100010100 010011101010 10100, 00100 110100 0000011-
10010 001Ηο101011001, 0001 10 Ρ10000001100111010100 01·
1010011 010000 110111011, wic 100 Ρ100010100 01001 Rhene,
0010110000 0011010100100 Ηο10 010101101; 0001101101, 11000
0011010001110011001011 durch 0100 0110010 01101010 Impuls
101101011110, 01000 01010101 0100101010 10 0101010000, 00

11110 01· 000001100 011 01110 0100001010 0110010 011010ος 000 101 ,
0011 1110010101οο 100 10 Ρ100001 11 00011001101111011000 001· f

jcnigc 100 100 Ρ10000010000 000010101 111010 1010100101 110000 ¹
010101,1010110111110 000 00101 110000 01110 0110010 000110011 ’ h
10110100 (10111011 100 10 Ρ1010, 11000 000000110010 auf das ¹

100pfhndigc 0101110001 11110, 00000110 οο 11011 1011100100, 0000 1
010 Ηο10 01000110 11110, 0100 0001010100 Thcil 00101010 000- 3
100011. 0010011100 00100100100010111, 0000 0110111011, 010110- r
101011, 0111 (100101110000 0110100101010011000 10111000110101, 1

00000110 0001 0011100110110100100010, 001 1011 00100100100001
Ηο10, im 101110000001 Fallc um 000 1010100 Thcil 1101 001010-
1000110010, 0000 001101 1011001 01010110110010 001 10 Ρ1010;

. 0100100001 10 00011001110110100 Ρ10000 0001 100 Ρ1000 0001-

recht crhcbcu, 000001 001 um den 1010100 Thcil der 0001000
001 10 Ρ1000; 0110 Κ10110101, 010 100 Ρ11100 10100 kann, 101
010101001Κ1011, 1111001 1110 100 Ρ1010 0010101100 0110100, 000
01000 1101 im 010000, 000 Ρ1011 010001· 10 0100100. ’00 101 00 10
1011110101, 1110 0011011100 10 Ρ1000 01000 111001010οᾱ 100101-
110000 1010100, 001010101000001 101, 11011 100 Ρ1010 0000011,
1101111 010 0010100 1101000 001101, 01011011100100011110 001 001
1011100 Thcil 001 0010110010 1100 010000100110110000. 1101-
dcppclu wir 001 0000101000, 01101 1010101100100 1111 000001101,
000000 200, 300 Ρ1000 100100 (1011101100 010 Druck 001110 0110,
00111000 wir, dass 0011100010 001 10101000 10 11000 011 010100,
11101100 010 011110οΜοΙ 000 Ρ1011 0111101100 11110, 0101 1110 10111 “
010100 101010 00110110110010, sc 0001110110 Μο1010, 000 011110
011110 Μο1 ch 00110110110010. 1101110111 0100 0010010111 000
0100101010, 0011110 01010 00100110 01000 111 0101011000, 0101 .
0111 01010 011010000011011100100000, 000000 wir 1011110011 10-
hauptcn 0111100, 01001000110110010010010011 00 (110000 (la 10110
00110 percussa 000010 infinita). Andcrcrscits 10000 0001 11 00-

110101 Η1001011 0101100111011 0110 01000 010 0010010011 (1111-
nita) 10110011011101001; 11010 11000 01000110 000 111001010οᾱ
000 Ρ101100 0101110001, 00 11110 000 01011 001 durch J‘cnc 0110010
11100101000010100, 011 1101010 00101000 0010011111000 000-
0110, 00000111111001 1101101· 01110 010110 (1011110110).

 

