11000000000000 und mat 000000 10000 0000000000 00000 0 43

1000 Ρ10000 001000001100 0000, und 0000 010 Wirkung 01000
00100000, 0100000 000 111010 000 St 000000 00001000 000000 0011, 000000
0011000000 0000 00 (1000000 00 001000000 000000 00000 0οῑ 0010000 000
000000 001100 010000 010 Μο000 000 010010 000 0000000 000000,
00 10000 00000 00000000“ 00000 000 und 00000100 000 01

Salv. Η100 0000 11000 0100 0000000000 Γ1000000100 000, 000
01000000100000011010000 00000000 000 0000100 0000011000 0000000.
Wer empfindet 00 01000 000 0,11010 0000 000 Μο000 000 0000000010
01000 00000 0000000000, 0000000 0010 00000000000 00 0001000 00001
1100 0000 000 0100010001οθ0 10000000 0000000 0,00 010 100000 000
0010000 000000000000000 000000 00010000 0000001000οθ 0000 000-
0000 01000000 0000000010 00001100000, 000 0010 10101000, 0010 0000000
10010 0000000 000 ςο00011000111100000000 3000000000010101000100.

Saqr· 1010 sange an zu begreifen, 0000 0101011010 (10οΚ0010
000 11000000 0000100000 00000 0000 0000000000 00000 0010 100000;
0000 0000000 00000 00000 10 000000010000000 000 Ρ1001 00
4, 000 10100000 um 3 Zoll, und 00 000 0100001010 10000100000
0100, 000 001000 00000 000 Ρ1001 00020011, 000 010000 00 10,
0000 00 1, ²} 000. 0100000000, 0000, 0000100010, 0100, 0000 000
111000000οᾶ 010100 0000011010 0000001οᾱ, 00010 00οΡ10011000-
000000 00 10000 01010000 000 01010000 1100001000 001 0000 010
0000000100ος 00010 00 101010, 010 100 10000000000 010011000; 000000
0100100 010 0000001000, 000100 000 0010000011000 00000 (10-
000100 00000 000100 000000000, 00 0000 0001100011010 010 ganz im-
0000000 000000 (10000100 000000000 000000 0000000.

Salv. 1010 000 0011000000110000 00010100.

Apr. Sollte 0000010 1111000000οᾱ 01000 00 gross sein 1000-
000, 0000 00 01000 00100010101000000000 0000100 010100 0000010001

Salv. Ich glaube 010100, 0000000 (1000000000 010100 0011-
00000000000001000100, d. h. 0000 0010 111000000οᾱ 00000 000-
0001100 00000 100.

8090. 1100110001010 00100 000100000100000 0010000, (11οΚ0000
0000010000 000 0000010010 00010000 01000 010 110000, 000 001-
0000001000 000000 00010010 01000 0000 001 00001000 000010000-
00000 Apparaten so 00000000, 0000 010 00000000 1100101000 010
0001ος00 Κο010 00100000 000000, 010 00000 Ηο001, 001 000
01000000000000 1110000000ος 000.; 100000 0100 0010 00000, 00
000100 0001000 01000 10 0000 120100010οο Ηο0000000 01000
1000100000 11010101 00000010000 1000000, 00000000 00010000 01000
00000000 Μο0000001001000, ja 001000 00000 000 01000 0000 100000
1000000, 000 001 000 Ηο00000 00100000, 01000 0000000000
00000, 0100 0000100 010 0110 110000ος0000 0000000010, 000

 

