11110110111301 1111101101101100110 001010110110101010. 45

1111 (101101101010011011010, 111 10100 1001 00 110110 110101-
3011011101101110101103113 011. 1101101111 10101110 101, 1000
110111111011 11000 110101131011111011110, 0110 1110310111
310000 0110101011011011110101111101, 0011011 1000 0101100-
00110101101011 100101100101 11101010 sich 1013ος 101 00 0100
110111101, 1000 011 3011 1101100 11011011 1011Ρ1111 1011011
100 111 1000 Ρ1111 10101 kann, und 1001 10110113 viel 11011,
11011 111111 10000110 011 1011 1100300111 100 0101 10001101
1011011011001111101110111011111301, 010 100 011010 310000
(1011011010111011 11110111101, 1000 1101011113 100 1101101
100 0101 10001101 3100001 010 110 Ηο1113 100 3100001 0011101-
100001,010110011011010, 11011 110 (100011111131011 10100 100
0001· 1000 10131000010011 1110001001101011111 011011 1001
, 0011030110101Βο101101Ε1011 gleichsam mit 101Ηο11 1111101
100001, 1101000110111011010110111011 1011110110 das 011013100010
10101 10110. 00101 011 01011000011011100101 011011 00110
011301013101 011011 100101 0110101010110, 111 11010101, 010
Centrum, 011 Κ10101030110001110101001, 10111101 101 11011101-
punkt 10111001 111111013010, 1010101001110111111 1010111101
11 110101101301113 1011001100 0101100001, 11 1010 301010
11110 10111, 1101011 111101301111110011 1011 111100111111 30-
11011011011011301101100110100111111 01101 Κο1101. An 01101101-
10101 001110110110101 001 011 3011 1101100 (1011011 00 1101001131,
1000101001101111111000011011110101Κ10101030110110;010001-
1011 0011 1011101101101101 101310000110111101, 111 0101 01
1010 310000 11001 01101101; 310111111 11011, 1000 101 101 Seite
101 100 1010 00111011 10100 310000 011 110113 10110100001 111
100001 001101111110101010100111001101, 110 10001110101
111110, 1011101301 111 10130 1011 Κ101010301101100110101 11111,
10001 10100110 11310101110 Ηο111011010101100001 11100, welche
101 111010 111 111010101Ρο11110110111110 10111111, 11 10101011
110101 10100110111111 10111001 0101 1010111 110 1000110111
10101 1100011001 01101 0101 00 3100001 Βο301 1110 101 110110
Κο1Ῑ101, 101 010101 101 3100001011011111; 111000 11111 110 Ηο1113
1000011011111100100 3100001 11011 310101 0011 101· 1011113
10000110111111001001101101, 1011 101110100 011101 11111 11101
01101 0101101301013101 Weg 3000111, 1011011 101 1111011130-
111101 101 310000110011101101 010 113011 011011110110111101
101111 angulo minore di 0311 acutissimo). Ηο1101011 11 1111
1111Μ1111011, 11010113011010110110111 11 101 (1001101110 010
111, 0011110101 101301, 1000, 11011 011Κο11011011 111010101
0011001111110 0101 011011, 00 00111011 300010101 10110, 1000

 

