62 ’ 4444444444.

44141144

4-4-4ε44.

44444444144.

3) Ζ4 S. 49. Dor 14444 4144 44444444, 4444 (1414444414
114144444444 4444 4444444444, 4444 4444444444444 4144, 444 441-
14444 1144444 werde 4444 44444444 44 444444 44 44444444 441144
444144444. 4114444 Β44144444 4444 aber 41444 4444444, 44444
414444 414 1144144444 44444444444.

4) 424 S. 51. 1114 4444444444, istiu 4444444444444444444
41444444 41444414 Β44144444 4444444444444, 4444 4444 4 44444444
4144444444 44144444 Fallen 444444444 werde. Die 1144 4444414444
14444 auch in 441444114444 44444444, 44 4144 4444444444
1444444444 441 44411444444 444 4444444 441444 4411. 14144414 444
444 44444444, 4444 44144 1444444 444 4141444444444 (44444414-
4144414 4144 4444444444 444411444. Aber 444 444441441144
14 (144 neit, 414 444 4444444441144444444141144 444444444,
kann 44444 4444414 44444 44444444 444444, 44114444 4444414
44 grosse Μ4444 4444444444 444444 4411. - Η444444444 444444
414414 4444414444411414444444444 4444 4444 144 44444444 441-
444, 4411 4441444444444444 441144444444111444441444 444 4441
4144414 444414 44444444 4.44444 44444444441444444 444444 44-
( 4444444444114 4444444 44444 (144 1141144 44444 444 4444444444

444144411444 444 444444444 444 444444 44444 444 444444 4144444444,
44 44444 44444 44444 444 444 (1444441441444144 44 44 fallen
44414444, 444 4411 44444 44 444 Memento 444444 444444, 44
444 444444 44444444 1444444 44144 4444444 Η444 44441444 444
444 (444444444144444 0 4414444 44444. 14 414444 4444444444
44444 44 41444 44444 44444 44441444 444 4144 414444 44 44144
414 44441( 414 444414 4444444. Β444 Experimento 4444444 wind
444 4141444441441444 444 11444444 414 4444414444 (14414 44-
444444, (1444 444 44444444 1444444 4444444 44444 444444 4444 44
444444441144 emen 44444414 4444 444414 44444 41444 4444 4444444 444
444444 K6rper 444444414 44 4444444 4444 4411. 4141444444 44444
4144 444Ρ444444 414444,44144 414 44144444444 444 414144144-
miger Gesnhwindigkeit 4141444 11444 4444414444. 11444 444-
1144 444 4411444444 4441444444444 44444 44444444, 44 444444 414
444444 Μ44444 44414144 414 41414414441444 (444444144144444 4144
4444444444, 4444 444 414 444 441444 Β444444 444 4444444444-
4144444 444 4444444444, 4411 444 444444444444444 mc 4444
444 444444 444 444 44444144 Masso 4444 444444114, 4144 mc = “

 

