11313333133333 331 3311333113313 Demonstratienen 313. 47

3313113133 313 133 131113, 33111331333313133 333 4 1311 3313
333133 813333333131311313113131311, 313 133 333113, 331 dieser
3313313133131113,133 halb 33 3131 3131311 313 jener. Wenn
3133 133 313313 1333313133 133 Pfehles 1313 333133 1311333
331 133 333133333 1313 folgenden und 3331 3331333313 1313 1311-
133 3. 3. f. 11333313 131, 1333 133 33313 111333 3313131333 131 313
133 333113, 331 113333 3313113133 313 133 131113, 333333133133
333, 1333 133333133113333 313 3331333333 131133 (1331311 331-
3331311113311131331133 3341311, und 1333 313 3311333333 113 313
33311331131331133 33 2 1311, 331 313 3331 3311333333 113 133
131113, 3. 3. f. grdssere‚ je kleinere Streeken der Pfehl besehreibt,
in Folge des vermehrten Widerstendes 1333311331 131 13311, j
333 3131133131311 313, 313 331333 33 131, 113 113311 133 33333 ,
31333 Widerstend 3333311133 11133333 33133113333, 13 133 Ans-
3313133,313 133 3333333 Ρ131133, 3331131 331 3313311331 313
1333313333 133 Widerstandes enneigt3 daher 13113 131 331113
3311333113, 1133331313111133331333313333, 33 1331113333 313
’ ’ 333333313311313311133313313313333313111. Ze 133133313
denken 313 333 31333 133133 Kdrper von 1000 Ρ1331 (1331311,
13333131333111333 3313; 33 113333 Kdrper sei ein 1131133133-
133, 3313133 11133313313331313 33331133333 werde, 33131
13131333 313 33111311 31331311 133133133 Kdrpers 13133131 331.
01133133 3131 3133 33 anderen Ende des Seiles 33331333113
113311 1313 Heben der Lest 31313 133331133 1113331331 33 11133-
313133 13133, 31311313 133 der 1000 Pfund; 331 11331333
33 jenes 331333 83113313 31333 1113333333 demselben (1331311,
33 3131 (1131313331311 313133133, 331 3133 1111133 werden die
beiden (133131131333111333333113113133 verherren, 33 13333
13133333113 313113133331333 3331133133 131. 113131 333 133 33313
Kdrper 331 133 111333, 33 1113313 333 331 1333313333 Seite
versehiedene (13313113331313333 (333 33133 313 31131131333 313
133333 (11313133313113 33133133113131 331 333331131333 1111333 ’
3331111333, 13133 33333131 313 11331311 333 33313333 Η11ι3 ,
1333113113311333333113313311313, 333 311 133 anderen Kdr- '
per gesehieht, 3333 33 133 81333 3313111, der 113 13 113 Η113
1331133 3111. Men 33331311, 313 131 33133, 1333 jedes 3331 33
113133 13113313 (1331311133 Widerstand der 3333333 nass 1133- ζ
313133 331 313 3313133 3333, 313313 3131331313333 1113133 333 ’
133 113133313133, 1333 jedes kleinere Gewieht ein jedes 3331 33
’ 3131 331333331133313131, 333 1333 113 (133313131131311 133
113133333113 133 3311333333 13 133 133333 1133131111, 313133
Verhdltniss der (13313113 133 3311333333 333113133333 Kdrper

 

